67, 68, 108, 128, 146, 247, 637, 796, 847, 928, 1195, 1668, 2180, 2191, 2820, 2935, 2948, 3108, 3238, 3464, 3982, 4032, 4269, 4403, 4840, 5456, 5590, 5790, 5859, 5989, 6046, 6097, 6333, 6387, 6447, 6611, 6753, 6779, 6892, 7082, 7468, 7483, 7707, 7788, 8242, 8424, 8490, 8621, 8668, 8872, 9025, 9121, 9302, 9309, 9557, 9957, 10013, 10046, 10103, 10142, 10242, 10290, 10394, 10803, 11274, 11944, 11991, 12423, 12693, 12734, 12879, 13048, 13071, 13191, 13198, 13217, 13269, 13314, 13351, 13645, 13712, 13723, 13979, 13983, 14064, 14285, 15008, 15137, 15541, 15750, 15761, 15897, 16383, 16437, 16552, 16696, 16788, 16798, 17280, 17420, 17535, 17610, 17934, 17981, 18715, 18823, 19542, 19945, 20067, 20146, 20231, 20271, 20319, 20763, 21185, 21471, 21782, 21880, 21902, 21941, 22089, 22323, 22619, 22840, 23262, 23299, 23414, 23677, 23799, 23816, 24455, 24512, 24578, 24821, 24954, 24985, 25038, 25511, 25665, 25882, 26016, 26099, 26218, 26500, 26521, 26652, 26853, 26871, 26876, 27125, 27195, 27198, 27401, 27696, 27746, 27822, 27977, 27985, 28230, 29510, 29554, 30164, 30176, 30390, 30550, 30682, 30830, 30905, 30929, 30990, 31335, 31450, 31500, 31805, 31887, 32180, 32358, 32728, 32730, 32779, 33154, 33775, 34373, 34642, 35480, 35574, 35822, 35911, 36012, 36541, 36768, 36907, 37184, 37223, 37249, 37280, 37359, 37871, 38297, 38306, 38403, 38593, 38838, 39073, 39160, 39499, 39559, 39634, 40439, 40651, 41003, 41170, 41199, 41422, 41543, 41625, 41936, 42231, 42964, 43448, 43498, 44009, 44128, 44343, 44662, 45199, 45220, 45337, 45519, 45844, 45958, 46099, 46204, 46392, 46509, 46605, 47176, 47680, 47948, 48467, 48533, 48945, 49043, 49202, 49222, 49308, 49336, 49488, 49958, 49961, 50104, 50204, 50239, 50661, 50882, 50952, 51130, 51345, 51561, 51774, 51975, 52300, 52581, 52644, 52828, 52943, 52981, 53050, 53442, 53592, 53639, 53656, 54451, 54602, 55068, 
55286, 55309, 55339, 56310, 56360, 56380, 56555, 56614, 56688, 56782, 56838, 57388, 57391, 57665, 57742, 57793, 58232, 58470, 58660, 58895, 58957, 59169, 59251, 59392, 60000, 
60238, 60759, 60883, 61604, 61917, 62271, 62808, 62857, 63029, 63075, 63362, 63429, 63910, 64468, 64918, 64999, 65002, 65458, 65548, 65686, 65730, 65840, 66414, 67623, 67718, 
67998, 68105, 68255, 68294, 68321, 68605, 68656, 68849, 68859, 69047, 69356, 69559, 69687, 69762, 69867, 69944, 70056, 70072, 70084, 70149, 70181, 70369, 70790, 70896, 71165, 
71232, 71693, 72028, 72076, 72243, 72277, 72721, 72883, 72995, 73076, 73093, 73258, 73272, 73535, 74065, 74066, 74169, 74534, 74784, 74807, 75244, 75315, 76048, 76147, 76272, 
76684, 77036, 77143, 77261, 77346, 77413, 77436, 77853, 77896, 77993, 78112, 78191, 78298, 78388, 78699, 78928, 79184, 79484, 79739, 80081, 80216, 80389, 80433, 80621, 80710, 
80806, 81274, 81628, 81710, 81996, 82168, 82367, 82638, 82834, 82935, 83037, 83452, 83592, 83922, 83957, 84428, 84484, 84522, 84646, 84648, 84650, 84789, 84900, 85748, 85765, 
85996, 86066, 86081, 86292, 87719, 88012, 88098, 88162, 88342, 88455, 88465, 88532, 88641, 88665, 89576, 89728, 89791, 90044, 90194, 90249, 90380, 90507, 91267, 91394, 91398, 
91722, 91725, 91789, 91878, 92103, 92127, 92884, 93116, 93272, 93392, 93633, 93668, 94192, 94755, 94869, 94869, 94878, 95025, 95099, 95301, 95407, 95445, 95467, 95803, 96055, 
96066, 96324, 96421, 96463, 96518, 96753, 96874, 96910, 97397, 97455, 97769, 98141, 98237, 98256, 98688, 98800, 98815, 98940, 99067, 99153, 99294, 99428, 99639, 99695, 99960, 
