0 31
0 32
0 33
1 31
1 32
1 33
2 31
2 32
2 33
3 31
3 32
3 33
4 31
4 32
4 33
5 31
5 32
5 33
6 31
6 32
6 33
7 31
7 32
8 31
8 32
8 33
9 31
9 32
9 33
10 31
10 32
10 33
11 31
11 32
11 33
12 31
12 32
12 33
13 31
13 32
13 33
14 31
14 33
15 31
15 32
15 33
16 31
16 32
16 33
17 31
17 32
17 33
18 31
18 32
18 33
19 31
19 32
19 33
20 31
20 32
20 33
21 31
21 32
21 33
22 31
22 32
22 33
23 31
23 32
23 33
24 31
24 32
24 33
25 31
25 32
25 33
26 31
26 32
26 33
27 31
27 32
27 33
28 31
28 32
28 33
29 31
29 32
29 33
30 31
30 32
31 32
31 33
32 33
