0 31
0 21
0 19
0 17
0 13
0 12
0 11
0 10
0 8
0 7
0 6
0 5
0 4
0 3
0 2
0 1
1 0
1 30
1 21
1 19
1 17
1 13
1 7
1 3
1 2
2 1
2 0
2 32
2 28
2 27
2 13
2 9
2 8
2 7
2 3
3 2
3 1
3 0
3 13
3 12
3 7
4 0
4 10
4 6
5 0
5 16
5 10
5 6
6 5
6 4
6 0
6 16
7 3
7 2
7 1
7 0
8 2
8 0
8 33
8 32
8 30
9 2
9 33
10 5
10 4
10 0
11 0
12 3
12 0
13 3
13 2
13 1
13 0
13 33
14 33
14 32
15 33
15 32
16 6
16 5
17 1
17 0
18 33
18 32
19 1
19 0
19 33
20 33
20 32
21 1
21 0
22 33
22 32
23 33
23 32
23 29
23 27
23 25
24 31
24 27
24 25
25 24
25 23
25 31
26 33
26 29
27 24
27 23
27 2
27 33
28 2
28 33
28 31
29 26
29 23
29 33
29 32
30 8
30 1
30 33
30 32
31 28
31 25
31 24
31 0
31 33
31 32
32 31
32 30
32 29
32 23
32 22
32 20
32 18
32 15
32 14
32 8
32 2
32 33
33 32
33 31
33 30
33 29
33 28
33 27
33 26
33 23
33 22
33 20
33 19
33 18
33 15
33 14
33 13
33 9
33 8
